0.025604799356
0.0241971594874
0.022573215259
0.0210741748123
0.0195691704507
0.018288194015
0.016966482563
0.0154637247544
0.0141918142071
0.0129428692339
0.0117838932995
0.0101273178334
0.0088950023346
0.00748239394168
0.00623810099773
0.00494479662531
0.00349830320748
0.0022985861841
0.00121887785008
0.000167421436781
-0.00126616086059
-0.00260132752675
-0.00420784333093
-0.00567300316807
-0.00691116560821
-0.00808807206705
-0.00921199566608
-0.010267011898
-0.0112723784484
-0.0120569626705
-0.0129366242089
-0.0137691588867
-0.0145870338074
-0.0154184559927
-0.0166188820862
-0.0176377198144
-0.0184867486944
-0.019514311554
-0.0203581129848
-0.0212148619148
-0.0220514278789
-0.0231341424148
-0.0234951069382
-0.0241947037302
-0.0246408518601
-0.0249684049441
-0.0252374384819
-0.0254303808107
-0.0255264056631
-0.0254892388424
-0.0254649032701
-0.0253602089163
-0.0252622623958
-0.0251084705221
-0.025295278482
-0.0257769710877
-0.0262920258375
-0.0269155674084
-0.0276561876974
-0.0284842995476
-0.0290292078314
-0.0297627784452
-0.0305897123392
-0.0314378546933
-0.0325632000869
-0.0334766313511
-0.0342633020028
-0.035169454272
-0.0357161993137
-0.0365146620149
-0.0369622544033
-0.0375191911016
-0.0379481134474
-0.0381408398528
-0.0384375537274
-0.0385175828345
-0.0382996380415
-0.0379862967093
-0.0378190708438
-0.037849594596
-0.0376929416881
-0.0378879315955
-0.0380622329366
-0.0384146157533
-0.0386943724688
-0.0389100470776
-0.0389123761631
-0.0391810221952
-0.0392041531797
-0.0395324171463
-0.0397303601843
-0.0397757152145
-0.0396754700597
-0.0396116755384
-0.0393766023249
-0.0377266056559
-0.0359926203918
-0.0348586038368
-0.0335322987146
-0.0321829604449
-0.0306508168112
-0.0291805802805
-0.0275854996182
-0.025741571876
-0.023807783562
-0.0218964605378
-0.0197058382303
-0.0172364187788
-0.0144868882172
-0.0119418979551
-0.00923225734894
-0.00644853183382
-0.00398445889232
-0.00156459205826
0.000963547311249
0.00312069540261
0.00571325358334
0.00771148484191
0.0097387121705
0.0112831007144
0.0126036126703
0.0138659354055
0.0151371850672
0.0165658366025
0.0178713300611
0.0191969665952
0.0205120004276
0.0220901498092
0.0232648936098
0.0247020422786
0.0261231997048
0.0274845629954
0.0291916371795
0.030751174208
0.032112470779
0.0334142772872
0.0350780860873
0.0362434481569
0.0374653341855
0.0387156674461
0.040176508709
0.0415028599157
0.0429362019114
0.0444014321334
0.0459072517764
0.0474488627556
0.0487291229507
0.0502555307808
0.0514545534962
0.0526423737542
0.0537394032006
0.0547139660623
0.0556504176745
0.0564624819741
0.0572577817202
0.0579269008667
0.0583818306053
0.0592384508811
0.0597766130452
0.0603714066311
0.0607829161648
0.0611773219709
0.0611806524167
0.0615049851314
0.0616225664776
0.0617961546523
0.0617346779623
0.0617602083338
0.061513408613
0.0615419015014
0.0614086821447
0.0610803965953
0.0609551454135
0.0604753740271
0.0600101629046
0.0597845388748
0.0593087099833
0.0591046054648
0.0589885324621
0.0592217660114
0.0595518185232
0.0603311930098
0.0610504933293
0.0620093076055
0.0627557700508
0.0638095536608
0.0647963615166
0.0662230713908
0.0676721100456
0.0694327926632
0.0709734596427
0.0725373102435
0.0740925483927
0.0756183921637
0.0769573425775
0.0782874157195
0.0793326311684
0.0803570812604
0.0810107086847
0.0815441320313
0.0815681153666
0.0814543488542
0.0810621879803
0.0807514562663
0.0804019447203
0.0799051541714
0.0795001695907
0.0790914015183
0.0785833972183
0.078092529431
0.0775266903247
0.0772864385587
0.0769962199766
0.0769238131706
0.0771615062193
0.0774857333398
0.0782513524186
0.0788696468379
0.0794906965578
0.0797602426582
0.0798758315591
0.0796548786429
0.0793771782318
0.0791285096614
0.0786110173979
0.0783000817992
0.0779500543458
0.0774347826008
0.0770225218582
0.0763728850663
0.0758273099208
0.0750990641213
0.0745305777374
0.0738876491569
0.073383113231
0.0730719150136
0.0727846345285
0.0723892904925
0.0723237777201
0.0722214727551
0.0720910516893
0.0722122505624
0.0725425265976
0.0728228515974
0.0732359588634
0.0736024752001
0.0738815154976
0.0745116775549
0.0746377159701
0.0748135685057
0.0750403792916
0.0750694820233
0.07552704417
0.0758162890242
0.0762172533058
0.0766201530465
0.0770187429477
0.0773924519725
0.0780023625043
0.078577138706
0.0792919387349
0.0803800023662
0.081133044787
0.082354009185
0.0830812345549
0.0837881782596
0.0842490877653
0.0848056825893
0.0852011981894
0.0855933772537
0.0861917146943
0.0866140961177
0.0872433220428
0.0877774741028
0.0878781978302
0.0882354289523
0.0884367614581
0.0886646549099
0.0888880367155
0.08912611164
0.0893655817355
0.0893695131892
0.0893515592408
0.089203459778
0.0889473480718
0.088450729666
0.087734063092
0.0867602973852
0.0854055582566
0.0839273290322
0.0826138935808
0.0812599318375
0.0800852130894
0.0791503671397
0.0784968398468
0.0777629005383
0.0773197639072
0.0766967081059
0.0764172054676
0.0763458455861
0.076135987275
0.0762202897517
0.0761919434776
0.0764126857687
0.0766494523382
0.0766588757886
0.076666747264
0.0764093017771
0.0760730935517
0.0757907121892
0.0753573043149
0.074772223055
0.0742443157292
0.0735887882213
0.072911902194
0.0721816795542
0.0714940987918
0.0706274472271
0.0696360974016
0.0686259553693
0.0676309298801
0.0666803227976
0.0657268289474
0.0648592428386
0.0638819240967
0.0629207139934
0.0619556790226
0.0607233355983
0.0594524439191
0.0581249691783
0.057091148649
0.056016483972
0.0551753709031
0.0542535610414
0.0534826159474
0.0526031043024
0.0516730945614
0.0507376572797
0.0499479880516
0.0489796360192
0.0480993246795
0.0469861420072
0.0459839199716
0.0449263110281
0.0437087489317
0.0425448700059
0.0415024649915
0.04018532537
0.0390511629191
0.0377841051747
0.0365179481933
0.0353613421916
0.0342791749361
0.0331121055526
0.0321340590694
0.0312577675128
0.0306920893769
0.0299820956107
0.029478490771
0.0288752921337
0.0282560619968
0.027650395403
0.0269730196296
0.0263183107448
0.0257788944748
0.0250169173551
0.0242457604987
0.0233120664868
0.0222250770812
0.0208128631715
0.019342506862
0.0178950311695
0.0163328315628
0.0147558793352
0.0132303958591
0.0117498706931
0.010308175212
0.00880280626022
0.00736775417864
0.00590650615899
0.00447129835907
0.00298776822777
0.00156376174942
0.000179648929023
-0.00115556911738
-0.00248819180153
-0.00366477850449
-0.00478013114237
-0.005999911951
-0.0070308038584
-0.00810419939591
-0.0093101306971
-0.010617282693
-0.0117491442322
-0.0128876299801
-0.0140044341135
-0.0151703738803
-0.0161396382121
-0.016977315531
-0.0178564292201
-0.0185813657778
-0.0192314397756
-0.0198492629555
-0.0204411234363
-0.0209234102908
-0.0214173115267
-0.0217994471571
-0.0222846922467
-0.0227238124062
-0.0233886170644
-0.0239608228111
-0.0249528818997
-0.0259250676703
-0.0272234962091
-0.0286307115889
-0.0300629830572
-0.031614787019
-0.0330787649958
-0.0344722238568
-0.0355837690973
-0.0367840435838
-0.0378068999012
-0.0388193591605
-0.039893634419
-0.0409014948487
-0.0418904703158
-0.0430790917483
-0.0442424389797
-0.0451807795871
-0.0463157553425
-0.0474809103982
-0.0484178454262
-0.0492464288024
-0.0499592254365
-0.0505108136733
-0.0508990964333
-0.0513032429081
-0.0516015924517
-0.0522257772818
-0.0529614305783
-0.0537106270399
-0.054719215269
-0.0556187250991
-0.0565951761911
-0.0574109896515
-0.0583031016593
-0.0591522780087
-0.060048898649
-0.0609013871014
-0.0617650319142
-0.062699438653
-0.0634473875422
-0.0643348766743
-0.0651779747828
-0.0662802511714
-0.0674288918499
-0.0686526972156
-0.0699102882218
-0.0710435388587
-0.071922632427
-0.0725216475693
-0.0728876740269
-0.0730170740645
-0.0730752649212
-0.0731805888227
-0.0734161477374
-0.0736891706913
-0.0739847161421
-0.0742973353725
-0.0744866744429
-0.0744653567094
-0.0744254149362
-0.074389508705
-0.0743008308672
-0.0745259422463
-0.0748712186742
-0.0754510842023
-0.0761921379798
-0.0769608711709
-0.0778103740512
-0.0788826642017
-0.0797316630898
-0.0806932739567
-0.0816495751177
-0.0825355813167
-0.0833850360777
-0.0841800897667
-0.084955730793
-0.0855176134345
-0.0859530494707
-0.086317962208
-0.086596078728
-0.0869403927823
-0.0871346946969
-0.0875182110085
-0.087737055508
-0.0880847322898
-0.0883191568751
-0.0885649321511
-0.0885768317094
-0.0884965468974
-0.0884722419314
-0.0882694541765
-0.0881727869733
-0.0881417136964
-0.0881254502291
-0.0881213066414
-0.0883103433115
-0.0882805696294
-0.0881502863344
-0.0880958093564
-0.0879012435712
-0.0876774999834
-0.0877422017383
-0.0878244749952
-0.0880062023585
-0.0883118660561
-0.0886822451523
-0.0890084106389
-0.0891381669548
-0.0891654492946
-0.0890286424948
-0.0889229520152
-0.0885159834878
-0.0882544784241
-0.0879443295287
-0.0877025207247
-0.0874712650777
-0.0873001211695
-0.0870756432908
-0.0869529594311
-0.0866361485375
-0.0863796867596
-0.0859534591278
-0.0855135652621
-0.0848643080921
-0.0841503904661
-0.0834181202801
-0.0826877424813
-0.081997540259
-0.0815078615104
-0.0810465345269
-0.0807877371796
-0.0806353722605
-0.0803746075483
-0.0802165887012
-0.0799021165977
-0.0796908178014
-0.0793970711955
-0.079063239555
-0.0788322089656
-0.078483564056
-0.078072944066
-0.0777367637728
-0.0773954562545
-0.0768504728187
-0.0764449835085
-0.0761353112317
-0.0756559537819
-0.0753073624288
-0.075206557209
-0.0749093143068
-0.074740093624
-0.0744338581566
-0.0739938555821
-0.073619713682
-0.0731533990072
-0.0727979179549
-0.0722561637194
-0.071703671088
-0.0711944946841
-0.0707351783401
-0.0701172976932
-0.0696770335685
-0.0692330661279
-0.0688414875575
-0.0687379304232
-0.0685929219266
-0.0684077496901
-0.0683398533275
-0.068130367681
-0.0678882789708
-0.0676967615585
-0.0674287596916
-0.0671024812406
-0.0666315128833
-0.0663619494424
-0.0657205044045
-0.065167742759
-0.0644930572652
-0.0638239597797
-0.0630690928677
-0.0622199343336
-0.0613552423417
-0.060680823342
-0.0599980573431
-0.0594253840092
-0.0591210487295
-0.0587575870718
-0.0585821269759
-0.0583839991205
-0.0582104686469
-0.0580043083164
-0.0578090781062
-0.057492021235
-0.0571472543609
-0.0566362038171
-0.0560279528058
-0.0554755267483
-0.0546972065601
-0.0541373545827
-0.0535244957954
-0.0528769471597
-0.0522066897115
-0.0514833116813
-0.0508685547481
-0.049940251307
-0.0492214903599
-0.0484896636244
-0.047616711776
-0.0470056268346
-0.0462787640484
-0.0455758031114
-0.0449029679979
-0.0442612884406
-0.043451099981
-0.0426854199977
-0.0419533676558
-0.0410984246891
-0.04043940116
-0.0396721998752
-0.0391013795133
-0.0385030167948
-0.0378740659848
-0.0373913301777
-0.0368366290941
-0.0363443277826
-0.0358919749951
-0.0353204116953
-0.0347500960096
-0.0342138709806
-0.0333451659525
-0.0324535368779
-0.0315296755487
-0.0304017130996
-0.0293869839333
-0.0283683001781
-0.0275098990347
-0.0268078849833
-0.0262047701177
-0.0257148356097
-0.0253442475126
-0.024949013137
-0.0244177033676
-0.0238624180825
-0.0232995454814
-0.0225208562225
-0.0218013315989
-0.021028948997
-0.020446726621
-0.0197668499195
-0.0193654789495
-0.0188789010457
-0.0185203182146
-0.0181401413957
-0.0177394802456
-0.0173527514972
-0.0168007780981
-0.0162804074358
-0.0156488330078
-0.0150621932594
-0.0144148183735
-0.0138880285564
-0.0135124609055
-0.0131080859672
-0.0126902967675
-0.0125228685302
-0.0122146553973
-0.0118388768332
-0.0114059579328
-0.0108749593759
-0.0103152536279
-0.00984925501449
-0.00931125033294
-0.00895291493511
-0.00894912640498
-0.00883893451183
-0.00911513011391
-0.00927774559063
-0.00944148729877
-0.00944220546963
-0.00930852126937
-0.0090523038623
-0.00872006725379
-0.00844536874963
-0.00809498725155
-0.00761000755747
-0.00741010214349
-0.00717493148559
-0.00683021461116
-0.00667609311488
-0.00657887359869
-0.00632595824574
-0.00609436174213
-0.00611213706521
-0.0059637861278
-0.00579277957329
-0.00591719297496
-0.00587692767236
-0.00606434654987
-0.00609973236233
-0.0059994580856
-0.00578342057814
-0.0054963060182
-0.00518328062386
-0.0047033933968
-0.00424518608138
-0.00382296173342
-0.00353383490526
-0.00342062723263
-0.00340078036318
-0.00361883980757
-0.00382815555949
-0.00427181530713
-0.00458802142048
-0.00491451158119
-0.00502328406523
-0.00532876901488
-0.00545973263013
-0.00571124163991
-0.00586887988652
-0.00621535890979
-0.00639618659204
-0.00676484682233
-0.00710850500836
-0.00736292355933
-0.00773233118936
-0.00817965360645
-0.00846812062249
-0.00874995483987
-0.00906017013101
-0.0092844450921
-0.00957557291164
-0.0095759911158
-0.00983573658969
-0.00986767982967
-0.0101359015828
-0.010244214967
-0.0107009343658
-0.0113148145335
-0.0121185253824
-0.0127891824995
-0.0135147481435
-0.0142657579728
-0.0149907354824
-0.0154775669913
-0.0159146416099
-0.0162437869829
-0.0164056131543
-0.0167355782912
-0.0170668734884
-0.0174513702968
-0.0178147026007
-0.0182443270054
-0.0186003594142
-0.0189834523861
-0.0192866761314
-0.0196277000063
-0.0201143091686
-0.0204154730392
-0.0209445477249
-0.0213711433774
-0.0218985895271
-0.0223056669125
-0.0227013156395
-0.0230313996307
-0.023369797604
-0.0236136843088
-0.0238731137328
-0.0239134628746
-0.0241376245252
-0.0243441155878
-0.0245116893377
-0.0245444737636
-0.0244924174293
-0.0245106316376
-0.024528779052
-0.024655674046
-0.0247464519159
-0.0247469864856
-0.0252625369454
-0.0257647601464
-0.0260873646481
-0.0266222923589
-0.0269386548972
-0.0273143545588
-0.0273354362065
-0.0275576792932
-0.0276150816561
-0.0277749571167
-0.0279424047804
-0.0283419208139
-0.028723500833
-0.0289524495686
-0.0291632332711
-0.0291556469904
-0.0291961040651
-0.0290705227525
-0.0289746439488
-0.0289223738855
-0.0289715473845
-0.0290883499514
-0.0293149702297
-0.0296028407606
-0.0297699103135
-0.029933643964
-0.0299724393489
-0.0299853391411
-0.0298246399882
-0.0297715664673
-0.029645874804
-0.029498726108
-0.0296923375154
-0.0299922217209
-0.0302152334007
-0.0304412639812
-0.0307425909447
-0.0310610721205
-0.031119590084
-0.0313570904179
-0.0312145594459
-0.0313778988417
-0.0314433163863
-0.031640205057
-0.0316363571411
-0.0318073065578
-0.03184386721
-0.0317919164552
-0.0317157692883
-0.0314715274805
-0.0313649308047
-0.0311771581846
-0.030960229497
-0.0305953695239
-0.0303207961532
-0.0300974013852
-0.0297488433921
-0.0293083690357
-0.0287976056071
-0.028336942885
-0.0282451635538
-0.0276216985794
-0.0273662453068
-0.0271545774556
-0.0269309543145
-0.0267469329007
-0.0266942981069
-0.0266227443454
-0.0266090429906
-0.0265679389174
-0.0264414824742
-0.0263199719091
-0.0259075319709
-0.0254448092542
-0.0250729054369
-0.0245505842345
-0.0238839683765
-0.0233300422052
-0.0226855278135
-0.0219195820165
-0.0215176326833
-0.0211864166039
-0.0210156274049
-0.0207344693772
-0.0206645865016
-0.0204568596887
-0.0200561472089
-0.019634635795
-0.0190471505839
-0.0183881429518
-0.0176635819617
-0.0172523138062
-0.0169941615489
-0.0166583221724
-0.0166392522699
-0.016256619562
-0.0159866896737
-0.0154958565747
-0.0149519512204
-0.0140660044066
-0.0129580870382
-0.0120173155509
-0.0112921806351
-0.0104583506538
-0.00980616827633
-0.00927096544421
-0.00868629393761
-0.00819334842283
-0.00737083193127
-0.00662424567074
-0.00557600426482
-0.00462810592239
-0.00360103617349
-0.0028241097201
-0.00163817241349
-0.000886353726023
6.77394245427e-05
0.000848093811701
0.00187458602174
0.00266487281905
0.00370391952686
0.00453876538753
0.00541500527299
0.00643011758839
0.00714838742885
0.00803808869908
0.00879193967233
0.00959913263725
0.0104796174329
0.0114138369281
0.0124393075776
0.013349573185
0.0143871465853
0.015347191386
0.016219153675
0.0171260391317
0.0179012744061
0.018734082645
0.0195985102086
0.0202583610918
0.0211412410667
0.0221779413712
0.0231700087898
0.0244818280504
0.0259297967078
0.0274373940747
0.0290193876661
0.030569438665
0.0319544191564
0.0334589536072
0.0349090858667
0.0360622415708
0.0368566682103
0.0376391140916
0.0383706046304
0.0390662577201
0.039756273272
0.0406509613875
0.0420169082847
0.0434625038956
0.0448606254216
0.0466562749672
0.0485164351395
0.0504006745728
0.0521166846326
0.0538161077186
0.0554663361389
0.0570753857636
0.0586320781492
0.060182265404
0.0616903386397
0.0634769229359
0.0651158891083
0.0668384730036
0.0685086860102
0.0703094021219
0.0719727542364
0.0737671770837
0.0756912289844
0.0778597172437
0.0799249420445
0.0822266905823
0.084628188558
0.0869954361836
0.0891667119191
0.0913624519285
0.0932948663802
0.0950827464324
0.0968700607024
0.0984677484736
0.100001577457
0.101686524409
0.103361108515
0.105237854958
0.107179751813
0.109265327335
0.111644525788
0.114147159371
0.116661673705
0.119130349812
0.121680405127
0.124104304634
0.126285987551
0.128663019386
0.130469408595
0.132685426639
0.134645113954
0.136724311348
0.138790523177
0.141083221217
